88 8888888888888188.8888888888.Ι 888

*Wmfflffl “

88. 88. 8. 88. saumonem 88 8888888888 mmmm. 8888 mmmm„

188 8811888881 8118881888, 88818881888818188181·11111181118888881188118818108888,8188 88811181
88881. 11. 8188188888 8888888818, 888811881888118 111081111811 mm 8181888118 81818818

8888188188888188888118888888181888818881188181 88111,881188Μ818188 88811188, m 8881881881
111181888888888188181888818888818888811· 88888888888 8888181818888811818888888, 88888888.

8188888,8188888888888818811118. 18188881888881888 188888111188818818888888118188,1888881811

188181, 81888 88 8888881888 88111888 881881888· . 88 888- 81 8811188188 88 188818811888. 8 111888888881188818818
88888,1881.1888881 8888888118,188818, 1888881181 8818 881888 118888,118881188818888888818888,1881
188188 88118888118881818. 1188 88888 8118 18818 188818888118888888 818 88 88, 888188881188 88881
8118888. 0818888888881818811188881 11181 111111· 888,888888881881188888. (1188888 1881888 8 881
18888888, 1881888188 818 81888818, 81118 1818881 11111 fn 11818, Possum 8881888 Timotheum 11818888, qm
88881881 m 8181888188 888188. 1188888 1111181881 8188888181, 88 8888888 1888 88888888 8888818888 881
1888188 8888181888 8888888 88818888 8181888818, 8188888888118818 88 8888818 188188 88881888 818 88888
81818, 881 818 net 8181888188 8881818888, 88 888188 818188. nonenim 11888 8888 8888888888 818118 8888888,
18888188188881881811.1188888888888818888888888 88888188 8888818188 18888818818181881 8888181,

1888118811888888.18881888888818888818818818881 8881811888 impenderet. 11. 1888188188 8888888818 ·

8888, 888 118888 8188118888 188 emm 88888188, 11 88818,8888888118188881188888888811118,1888881818888·
1118888188811888811.181181888888811888888888881 188888,8888881888888818118888881188888 purificationis, ·
188188111888, mmmm: 11188,,188888 88818881 188888188888888888 888888888888188818. 188888-
81111818181818888’8881,·1188888 88 888888 88881888·818888,1888888,88818888881888881888888888818888
888888818818. 1811888888 888888 18 88, 8818 fluendum 888811888888 18818111. 11. 8888 8888888 neptem 11881888
188818 8 18888 888, 881 18888 888188 11111. 11111111 5⁸· 1888188811 8888888.

1888, 11888 888 888 181888818888811888 1188 8888, · 1. 1118888888888888818818888818 11118 88888888. 11
188888 118 888888118888818881888 1188 8888 888888 881 888888 ex 1818188181, 8888811188888881818888818,
-88 1118818818 188888888. 1188 88881881888188888 8881888888 888818 8881888, 81818888881811888888-
18888888888 18881888811111881 18 88888111 8881888 88- 888, 8888888888 818. 1881 18888188, 88188888 e 888 m
888888188118188188 11111818181881811811 redderent. 18888, 881-81888888 88881888 88 888888188881888

1188888888881188881188888. 118188 881 88881811888881 888888 81188818888,18888888818881188 1818818188 ,

11188,18881888,8888 81881 881118 1818181881 8881118- nuptm. 88 81818818 88888888 1888881888. 1188 mom
88881 1188 818888. Quot 8811118 1888188888, 881 18881 888888 811888 88818188888, 1888188818 888818 8888888
11811, 18881888, 888888 8881888888 8888 18818. [8888 8188888888. 11. vum 88181888818888 1181881888
ulna 111111, 11 [8111111111 et propositum. 11881118 1811811, 111 11111111 cm 11888, 8888888 8881188888881811 88881 181 11111·
81 8888118188888, contemnendi 888818888881888181, plum 1888188188 188188. 81. 0888888888 888 8181888
88 888 888888 188888 888188188888, 8888888888 88888- 8888, 88 18888 888 8888888818 888811 .· 18 opprementes
1888 8881 1888118 88 888818 88888 t 8 138 181 8888888 11881888, 8881818881 8888 88888 1888181888 .· 88 8888188 8188·
818811 881888 88 88, 1888818, 8881 818888188888 188888 u 8888 188888. 1181 1888111888, 81188888, 1888188888.
8 18888 888 888888, 8881 188888 888888 8888, 1888818 , 1118 888 18888 881 81888888 1881881888 8888888118 888888
118888 mn 181888 888 emmam 11188 8888 888818 188888. (188 11181 maxume 8888181881, 8888881888 88 18·
18 Μ1811881111818888888. 8 1888 818888, 88· 8888, 88888 8188888 1181. 118888 1888881888 8881888
8188888 881, 118881 1888, 18888,188818881 8888 88 888· 881188881 888818 8888888188 8888888818, 88881 18881 18
81188888, 888111888188888818888 188888, dm 888888 18888888 8888888 8888 8881 888888818888. Ee
8888181888 888 8188888188 11188 8888, 8888818 888· 8881118888 8888, 188818, 88888 8888881888 .· 88 818888 8888
“ 88888118118811818188881888.118881888811111811111811 1888888.18181888 8818811188 18888188888 11188 18888

88888881 1181888 81888818 8888888188 mmmmm· 111888888181888, 888888 888188811888118 1881888881. ,

11888 888188 18 88881888. 11. noc 8888 188, 8881 81111181· 81. 0888881118 wem 11118 8888 88811888, 8888188888
8888. 118881 888811188118888 188 118888, 88888881 8881811888 8818881888818888 88818818888818888818188 ¹
1888888888. 81888881188111 8888888888818188188· 11. Qu 8188188 8888881181118118888 8888881881188 18·
881 8888888811. 111888888818 88888188 888888 11118, 888818 81 11188. 1188 eum 8181188888 8811888888 88 8811188,
8818888181811118,81811881888188, 8888188888· mmmm 118818881818818818188881·
8888, 88118181888881188888181888888, 881888· 18888888818811 8888, 8188888888 8118881888ιή8
181888818888888811888188888.8888881881881888 mmmmm 8818881888111181888811.
88888, 888 88888888 1818818888 88888. 118 8811881, 1111 888888 81181 eoam 18 88818. 111 888· 8888188·
888818, 88881888 888888, 8818 888 m 8888 1888, 888888 8888 188818 118888 8888818 8881881 88 88881
181888888.118811888888,1818888,888181188888, mannent-Etcum 1888888818 m·
8888888188888818 8188118888, 818881 8888,888881 8888888888188,18881818818888 18 mn. ⁸ 18
18888818,11888,888188188811888888888.118888188 8888818181888188, 8888818818 88 mmm&-
18881888888818888,888811881888888,881881888 118888818818811881Λο8818188 88188 888181·

 

